dim 150 100 150
putBox 65 85 40 55 50 90 0.05 0.05 0.05 1.0
putBox 70 80 45 52 91 115 0.05 0.05 0.05 1.0
putBox 66 84 48 60 116 130 0.05 0.05 0.05 1.0
putBox 68 82 48 54 131 145 0.05 0.05 0.05 1.0
putBox 64 65 54 57 122 126 0.8 0.0 1.0 1.0
putBox 85 86 54 57 122 126 0.8 0.0 1.0 1.0
putBox 66 68 61 65 116 120 0.2 0.2 0.2 1.0
putBox 82 84 61 65 116 120 0.2 0.2 0.2 1.0
putBox 58 64 20 40 78 86 0.05 0.05 0.05 1.0
putBox 86 92 20 40 78 86 0.05 0.05 0.05 1.0
putBox 58 64 20 40 54 62 0.05 0.05 0.05 1.0
putBox 86 92 20 40 54 62 0.05 0.05 0.05 1.0
putBox 70 80 44 50 30 49 0.05 0.05 0.05 1.0
putBox 72 78 45 49 10 29 0.05 0.05 0.05 1.0
putBox 10 64 52 53 60 85 0.1 0.1 0.1 1.0
putBox 86 140 52 53 60 85 0.1 0.1 0.1 1.0
putBox 74 76 53 58 100 105 0.6 0.6 0.6 1.0
putBox 74 76 56 62 80 85 0.6 0.6 0.6 1.0
putBox 74 76 56 62 70 75 0.6 0.6 0.6 1.0
putBox 74 76 56 62 60 65 0.6 0.6 0.6 1.0
putBox 74 76 51 55 40 45 0.6 0.6 0.6 1.0
putBox 74 76 50 53 20 25 0.6 0.6 0.6 1.0